,o3_orkg_d1_b1,o3_orkg_d1_b4,o3_orkg_d4_b1,o3_orkg_d4_b4,o3-mini_orkg_d1_b1,o3-mini_orkg_d1_b4,o3-mini_orkg_d4_b1,o3-mini_orkg_d4_b4
o3_orkg_d1_b1,1.0000,0.1295,0.1328,0.0944,0.1226,0.1231,0.1206,0.0956
o3_orkg_d1_b4,0.1295,1.0000,0.1374,0.1167,0.1186,0.1301,0.1273,0.1173
o3_orkg_d4_b1,0.1328,0.1374,1.0000,0.1174,0.1201,0.1294,0.1305,0.1182
o3_orkg_d4_b4,0.0944,0.1167,0.1174,1.0000,0.0905,0.1076,0.1119,0.1676
o3-mini_orkg_d1_b1,0.1226,0.1186,0.1201,0.0905,1.0000,0.1813,0.1765,0.1343
o3-mini_orkg_d1_b4,0.1231,0.1301,0.1294,0.1076,0.1813,1.0000,0.1814,0.1552
o3-mini_orkg_d4_b1,0.1206,0.1273,0.1305,0.1119,0.1765,0.1814,1.0000,0.1589
o3-mini_orkg_d4_b4,0.0956,0.1173,0.1182,0.1676,0.1343,0.1552,0.1589,1.0000
