,o3-mini_orkg_d1_b1,o3_orkg_d1_b1,o3-mini_orkg_d1_b4,o3_orkg_d1_b4,o3-mini_orkg_d4_b1,o3_orkg_d4_b1,o3-mini_orkg_d4_b4,o3_orkg_d4_b4
o3-mini_orkg_d1_b1,1.0000,0.7553,0.8095,0.7571,0.8127,0.7585,0.8121,0.7641
o3_orkg_d1_b1,0.7553,1.0000,0.7516,0.7400,0.7503,0.7464,0.7509,0.7468
o3-mini_orkg_d1_b4,0.8095,0.7516,1.0000,0.7561,0.8101,0.7562,0.8078,0.7630
o3_orkg_d1_b4,0.7571,0.7400,0.7561,1.0000,0.7562,0.7466,0.7567,0.7503
o3-mini_orkg_d4_b1,0.8127,0.7503,0.8101,0.7562,1.0000,0.7576,0.8131,0.7641
o3_orkg_d4_b1,0.7585,0.7464,0.7562,0.7466,0.7576,1.0000,0.7561,0.7543
o3-mini_orkg_d4_b4,0.8121,0.7509,0.8078,0.7567,0.8131,0.7561,1.0000,0.7621
o3_orkg_d4_b4,0.7641,0.7468,0.7630,0.7503,0.7641,0.7543,0.7621,1.0000
