,o3-mini_orkg_d1_b1,o3_orkg_d1_b1,o3-mini_orkg_d1_b4,o3_orkg_d1_b4,o3-mini_orkg_d4_b1,o3_orkg_d4_b1,o3-mini_orkg_d4_b4,o3_orkg_d4_b4
o3-mini_orkg_d1_b1,1.0000,0.3966,0.5993,0.3813,0.5763,0.3809,0.4443,0.2940
o3_orkg_d1_b1,0.3966,1.0000,0.3959,0.4832,0.3842,0.4870,0.3153,0.3606
o3-mini_orkg_d1_b4,0.5993,0.3959,1.0000,0.4052,0.5823,0.4023,0.4820,0.3262
o3_orkg_d1_b4,0.3813,0.4832,0.4052,1.0000,0.3951,0.4847,0.3488,0.3940
o3-mini_orkg_d4_b1,0.5763,0.3842,0.5823,0.3951,1.0000,0.4010,0.4842,0.3279
o3_orkg_d4_b1,0.3809,0.4870,0.4023,0.4847,0.4010,1.0000,0.3492,0.3939
o3-mini_orkg_d4_b4,0.4443,0.3153,0.4820,0.3488,0.4842,0.3492,1.0000,0.4760
o3_orkg_d4_b4,0.2940,0.3606,0.3262,0.3940,0.3279,0.3939,0.4760,1.0000
