,o3-mini_orkg_d1_b1,o3_orkg_d1_b1,o3-mini_orkg_d1_b4,o3_orkg_d1_b4,o3-mini_orkg_d4_b1,o3_orkg_d4_b1,o3-mini_orkg_d4_b4,o3_orkg_d4_b4
o3-mini_orkg_d1_b1,0.0000,0.4363,0.3217,0.4333,0.3310,0.4319,0.3578,0.4491
o3_orkg_d1_b1,0.4363,0.0000,0.4344,0.3852,0.4374,0.3865,0.4436,0.4114
o3-mini_orkg_d1_b4,0.3217,0.4344,0.0000,0.4301,0.3282,0.4282,0.3473,0.4432
o3_orkg_d1_b4,0.4333,0.3852,0.4301,0.0000,0.4335,0.3847,0.4360,0.4032
o3-mini_orkg_d4_b1,0.3310,0.4374,0.3282,0.4335,0.0000,0.4303,0.3467,0.4454
o3_orkg_d4_b1,0.4319,0.3865,0.4282,0.3847,0.4303,0.0000,0.4345,0.4035
o3-mini_orkg_d4_b4,0.3578,0.4436,0.3473,0.4360,0.3467,0.4345,0.0000,0.4124
o3_orkg_d4_b4,0.4491,0.4114,0.4432,0.4032,0.4454,0.4035,0.4124,0.0000
