,o3-mini_firecrawl_d1_b4,o3-mini_firecrawl_d4_b1,o3-mini_orkg_d1_b4,o3-mini_orkg_d4_b1,o3_firecrawl_d1_b4,o3_firecrawl_d4_b1,o3_orkg_d1_b4,o3_orkg_d4_b1
o3-mini_firecrawl_d1_b4,1.0000,0.5026,0.4914,0.4842,0.3722,0.3673,0.3843,0.3740
o3-mini_firecrawl_d4_b1,0.5026,1.0000,0.4731,0.4938,0.3747,0.3653,0.3828,0.3660
o3-mini_orkg_d1_b4,0.4914,0.4731,1.0000,0.4922,0.3745,0.3648,0.3887,0.3761
o3-mini_orkg_d4_b1,0.4842,0.4938,0.4922,1.0000,0.3661,0.3671,0.3830,0.3724
o3_firecrawl_d1_b4,0.3722,0.3747,0.3745,0.3661,1.0000,0.4348,0.4224,0.4222
o3_firecrawl_d4_b1,0.3673,0.3653,0.3648,0.3671,0.4348,1.0000,0.4199,0.4224
o3_orkg_d1_b4,0.3843,0.3828,0.3887,0.3830,0.4224,0.4199,1.0000,0.4323
o3_orkg_d4_b1,0.3740,0.3660,0.3761,0.3724,0.4222,0.4224,0.4323,1.0000
