,o3-mini_orkg_d1_b1,o3_orkg_d1_b1,o3-mini_orkg_d1_b4,o3_orkg_d1_b4,o3-mini_orkg_d4_b1,o3_orkg_d4_b1,o3-mini_orkg_d4_b4,o3_orkg_d4_b4
o3-mini_orkg_d1_b1,1.0000,0.5308,0.6171,0.5259,0.6223,0.5276,0.5951,0.5020
o3_orkg_d1_b1,0.5308,1.0000,0.5328,0.5702,0.5267,0.5659,0.5345,0.5495
o3-mini_orkg_d1_b4,0.6171,0.5328,1.0000,0.5419,0.6187,0.5369,0.6079,0.5030
o3_orkg_d1_b4,0.5259,0.5702,0.5419,1.0000,0.5383,0.5818,0.5610,0.5576
o3-mini_orkg_d4_b1,0.6223,0.5267,0.6187,0.5383,1.0000,0.5343,0.6091,0.4916
o3_orkg_d4_b1,0.5276,0.5659,0.5369,0.5818,0.5343,1.0000,0.5594,0.5618
o3-mini_orkg_d4_b4,0.5951,0.5345,0.6079,0.5610,0.6091,0.5594,1.0000,0.6066
o3_orkg_d4_b4,0.5020,0.5495,0.5030,0.5576,0.4916,0.5618,0.6066,1.0000
